0 0.4088050314465409 0.6799007444168734 0.25157232704402516 0.3573200992555831
0 0.6446540880503145 0.6488833746898263 0.20754716981132076 0.34987593052109184
0 0.8427672955974843 0.6215880893300249 0.17610062893081763 0.2555831265508685
0 0.8726415094339623 0.4143920595533499 0.16037735849056606 0.16377171215880892
0 0.6933962264150944 0.4057071960297767 0.19811320754716982 0.13647642679900746
0 0.470125786163522 0.413151364764268 0.14150943396226415 0.12158808933002481
0 0.29874213836477986 0.40818858560794047 0.15723270440251574 0.13647642679900746
0 0.11477987421383648 0.4106699751861042 0.11635220125786164 0.12158808933002481
0 0.10534591194968554 0.6910669975186104 0.1289308176100629 0.4044665012406948
0 0.23270440251572327 0.6253101736972705 0.15094339622641512 0.16377171215880892
